UNITS=MM
#Layer_Color=65535
#
#Feature symbol names
#
$0 r254
$1 r199.9996
$2 r299.9994
$3 r304.8

#
#Feature attribute names
#

#
#Layer features
#
A 7.60119892 13.15379894 7.60119892 13.15379894 7.50119912 13.15379894 1 P 0 N
A 17.78284226 14.44999904 17.78284226 14.44999904 17.50000056 14.44999904 0 P 0 N
L 2.08000092 15.94999858 2.08000092 20.54999954 1 P 0
L 3.08399942 3.05199796 5.62399942 3.05199796 1 P 0
L 3.08399942 10.67199796 3.08399942 13.21199796 1 P 0
L 3.08399942 13.21199796 5.62399942 13.21199796 1 P 0
L 4.92000032 15.94999858 4.92000032 21.45000028 1 P 0
L 5.62399942 3.05199796 5.62399942 5.59199796 1 P 0
L 6.0649993 19.70460372 6.0649993 20.74600372 1 P 0
L 6.0649993 21.25400372 6.0649993 22.29540372 1 P 0
L 6.0649993 22.29540372 7.3349993 22.29540372 1 P 0
L 6.0903993 19.70460372 7.3349993 19.70460372 1 P 0
L 7.2568816 14.38248076 7.2568816 16.61768076 3 P 0
L 7.2568816 14.38248076 8.9840816 14.38248076 3 P 0
L 7.26958922 16.61768076 8.9332816 16.61768076 3 P 0
L 7.3349993 19.70460372 7.3349993 20.74600372 1 P 0
L 7.3349993 21.25400372 7.3349993 22.29540372 1 P 0
L 7.61508002 19.70451736 7.61508002 20.74591736 1 P 0
L 7.61508002 19.70451736 8.88508002 19.70451736 1 P 0
L 7.61508002 21.25391736 7.61508002 22.29531736 1 P 0
L 7.61508002 22.29531736 8.85968002 22.29531736 1 P 0
L 8.88508002 19.70451736 8.88508002 20.74591736 1 P 0
L 8.88508002 21.25391736 8.88508002 22.29531736 1 P 0
L 9.3045153 22.16491884 9.3045153 23.43491884 1 P 0
L 9.3045153 22.16491884 10.3459153 22.16491884 1 P 0
L 9.3045153 23.43491884 10.3459153 23.43491884 1 P 0
L 9.75000082 21.94999674 12.200001 21.94999674 2 P 0
L 9.9546029 17.41499946 9.9546029 18.65959946 1 P 0
L 9.9546029 17.41499946 10.9960029 17.41499946 1 P 0
L 9.9546029 18.68499946 10.9960029 18.68499946 1 P 0
L 10.69999892 18.95000274 12.200001 18.95000274 2 P 0
L 10.8539153 22.16491884 11.8953153 22.16491884 1 P 0
L 10.8539153 23.43491884 11.8953153 23.43491884 1 P 0
L 10.9906816 16.61768076 12.7178816 16.61768076 3 P 0
L 11.0414816 14.38248076 12.70517398 14.38248076 3 P 0
L 11.5040029 17.41499946 12.5454029 17.41499946 1 P 0
L 11.5040029 18.68499946 12.5454029 18.68499946 1 P 0
L 11.61491962 1.95468494 11.61491962 2.99608494 1 P 0
L 11.61491962 3.50408494 11.61491962 4.54548494 1 P 0
L 11.61491962 4.54548494 12.88491962 4.54548494 1 P 0
L 11.64031962 1.95468494 12.88491962 1.95468494 1 P 0
L 11.8953153 22.19031884 11.8953153 23.43491884 1 P 0
L 12.20460348 22.16500012 12.20460348 23.40960012 1 P 0
L 12.20460348 22.16500012 13.24600348 22.16500012 1 P 0
L 12.20460348 23.43500012 13.24600348 23.43500012 1 P 0
L 12.5454029 17.41499946 12.5454029 18.68499946 1 P 0
L 12.7178816 14.38248076 12.7178816 16.61768076 3 P 0
L 12.88491962 1.95468494 12.88491962 2.99608494 1 P 0
L 12.88491962 3.50408494 12.88491962 4.54548494 1 P 0
L 13.36491866 1.95468494 13.36491866 2.99608494 1 P 0
L 13.36491866 3.50408494 13.36491866 4.54548494 1 P 0
L 13.36491866 4.54548494 14.63491866 4.54548494 1 P 0
L 13.39031866 1.95468494 14.63491866 1.95468494 1 P 0
L 13.69659948 14.66179948 13.69659948 16.33819948 3 P 0
L 13.69659948 14.66179948 14.99199694 14.66179948 3 P 0
L 13.69659948 16.33819948 14.99199694 16.33819948 3 P 0
L 13.69659948 16.91180006 13.69659948 18.58820006 3 P 0
L 13.69659948 16.91180006 14.99199694 16.91180006 3 P 0
L 13.69659948 18.58820006 14.99199694 18.58820006 3 P 0
L 13.75400348 22.16500012 14.79540348 22.16500012 1 P 0
L 13.75400348 23.43500012 14.79540348 23.43500012 1 P 0
L 14.63491866 1.95468494 14.63491866 2.99608494 1 P 0
L 14.63491866 3.50408494 14.63491866 4.54548494 1 P 0
L 14.79540348 22.16500012 14.79540348 23.43500012 1 P 0
L 16.00799694 14.66179948 17.30339948 14.66179948 3 P 0
L 16.00799694 16.33819948 17.30339948 16.33819948 3 P 0
L 16.00799694 16.91180006 17.30339948 16.91180006 3 P 0
L 16.00799694 18.58820006 17.30339948 18.58820006 3 P 0
L 16.92500298 19.05000254 18.57500222 19.05000254 0 P 0
L 16.92500298 23.4500039 18.57500222 23.4500039 0 P 0
L 17.30339948 14.66179948 17.30339948 16.33819948 3 P 0
L 17.30339948 16.91180006 17.30339948 18.58820006 3 P 0
L 18.30100226 3.03299876 18.30100226 5.57299876 1 P 0
L 18.30100226 3.03299876 20.84100226 3.03299876 1 P 0
L 18.30100226 13.19299876 18.30100226 15.73299876 1 P 0
L 18.30100226 15.73299876 20.84100226 15.73299876 1 P 0
